1	217.80179726	29905.12519566	3267.47573453	24457.00576272
2	1109.44801807	27813.79254748	966.34964662	26789.58652292
3	1246.99407401	30498.47382612	4236.25629653	23538.10622634
4	735.70383236	31016.46078763	4160.12774782	23605.93271064
5	415.33791947	28864.66008790	3215.89214843	24756.89042348
6	280.05032486	28590.45013820	2774.52148161	25171.73075796
7	220.50018174	28612.05324660	2437.35446951	25446.59555532
8	781.17283867	29288.32750505	3313.78541536	24586.93452812
9	1206.78435956	29680.80242975	3894.30626302	24029.98013680
10	669.31575223	27332.88016217	2211.37666692	25940.21196854
11	1520.94861621	27001.03925780	2383.76088582	25941.58057287
12	848.05414551	26221.93104159	495.18342252	27534.61255606
13	343.65417918	27886.78747364	2107.46458843	25864.57844432
14	185.88820864	26716.96649431	1232.24134781	26840.86742403
15	1864.56305285	25309.83186105	692.65546482	28692.29062482
16	433.91326548	25963.21465047	2457.52147540	26310.28240396
17	813.35796297	25506.09002127	983.99560186	27474.84922870
18	492.10021258	24737.22381775	2153.22292381	27653.21967435
19	648.93674469	25790.28246186	1639.11818216	27011.91381181
20	310.19993503	24260.19494743	1856.95189734	28364.72613460
21	485.63822415	25057.57500353	2840.92114933	26683.23812931
22	1094.25705820	17691.55359495	8545.58397370	32360.02173230
23	596.73271499	18682.46405578	7992.71219738	30693.49025728
24	907.47724137	23388.60715287	3482.00526441	28049.04574896
25	402.25159847	22100.14687080	4745.53859639	28598.64995156
26	704.11961171	21528.34685819	5263.81936199	28938.53164854
27	528.20353486	20952.10620295	5712.79284370	29417.07503809
28	459.43401279	19882.98707847	6723.12255868	30096.44348049
29	696.60057332	17350.86065452	9207.52904450	31736.98722726
30	389.77676063	20357.93664608	6234.20582926	29855.17184239
31	2061.49709746	16643.31171383	10416.10080686	31536.89331664
32	1264.89116522	19102.82257975	8077.75308998	29790.02140656
33	146.58210463	23004.97007890	3291.52240370	29160.10991806
34	620.64538973	23733.12239995	1299.65823668	29229.22005422
35	1358.53935935	22759.65691793	2205.34294127	30172.82884299
36	1781.56718151	20781.61683659	4279.22397733	31876.12847160
37	1039.02788828	22043.63233409	3826.13523787	30290.82583249
38	3222.40457706	23966.33693574	2374.47949253	30344.43856767
39	2720.83123749	21970.96498540	3023.66974495	31307.48392304
40	38.46904396	21216.10046243	4913.62646455	30934.09126506
41	219.58429351	20245.77522749	6125.66923773	30371.98041377
42	1306.31252911	19489.31227606	6687.01067659	31645.36932084
43	260.59825006	18806.79037569	6386.36110185	33590.18290584
44	989.61361175	18803.31346278	6924.86497338	33289.17270668
45	644.18073541	17170.41643602	8028.12420631	35124.44518906
46	2684.32857055	17728.77853289	8544.76512072	34104.51247045
47	2776.22047412	14218.84177618	11143.32649039	37814.37955772
48	1746.63701260	12111.08632744	10897.30811039	40851.65832835
49	2790.23733541	15229.08915068	10331.38199870	36737.95087716
50	1748.28466158	14417.64393608	10701.70032530	37819.36903839
51	1495.47111813	18268.91857028	6647.61490176	34525.08856839
52	3463.22721900	18335.61572176	6832.64510517	35117.99075035
53	1640.45830195	16264.35986224	8843.68636327	37191.90085417
54	4026.21228019	14211.00401884	12533.35438633	33669.56962733
55	4284.55619523	15646.83604954	10741.24357997	36053.60395755
56	6212.56526191	10001.39217126	17729.78395132	36555.75084294
57	2541.92851062	15863.50865107	10325.81814518	33849.41102399
58	7912.97857966	11607.41450101	14976.92950504	39325.06439432
59	5809.93590631	12322.22195465	13859.87098052	36420.89640371
60	1706.43105157	14367.67545582	15210.57562127	32030.81074390
61	2471.31439730	14685.61424136	13416.42594797	32282.32648018
62	3120.46131917	13072.92739652	16065.90451726	33422.91652828
63	5571.20833287	11241.75153558	15881.69883823	35702.83907852
64	4294.35945653	14698.65623520	11497.93042897	35627.44586544
65	6568.65835540	12179.90532159	14046.40326250	37641.41692998
66	4301.20621776	8966.55668219	19687.71668931	36768.81575391
67	2150.89898071	11980.66669851	16744.39886168	33779.09894249
68	4442.40635646	10848.74757275	18415.83140255	35513.01900113
69	5099.94511853	4234.17785976	23486.44907981	40623.33961910
70	10894.69756468	4093.55166613	31691.16940842	48784.34511248
71	12467.12368551	5873.28352607	33481.48587736	50569.28959515
72	8773.73370711	6899.32471902	20133.41154782	39640.97885642
73	9461.76886894	330.35836557	27910.66579629	45056.70934048
74	10293.10268058	4756.40958155	31988.78103281	48978.11842107
75	6987.15922832	418.15320524	27059.15263905	44150.10753407
76	6107.50412136	6334.61671952	22318.47043834	39422.47327524
77	9618.59995113	916.85501191	28880.02693910	46019.89123890
78	15690.28069497	8505.05905544	36451.03374572	53572.15154818
79	18225.10775784	10332.24679218	38443.89906583	55810.54594415
80	8438.31265604	1972.18347772	29366.98001396	46427.08363189
81	10866.36353355	1925.59543912	26001.65373541	44398.83003914
82	10815.92374483	2570.24085825	30541.19036555	47678.31142840
83	15633.92928901	9671.07499386	37165.26707720	54214.16169667
84	13870.67023418	5211.22337803	33550.24918312	50695.75685758
85	20505.16027380	13187.32276752	41279.71917959	58509.96359960
86	7895.00711915	3297.98446601	25213.43508196	42344.81067741
87	13449.11903273	7493.80127616	34930.27990929	51974.56402010
88	31392.37450163	26609.89488313	53730.00143366	70559.14572091
89	40814.84070576	36111.56071840	63165.95571726	79988.91116724
90	26253.69272341	19943.44579755	47813.11433254	64891.90918392
91	49776.36751339	45046.27530300	70842.67142620	88949.48041193
92	22491.38552599	17727.04252290	44815.40667464	61648.35019166
93	37503.42369366	32756.33788219	59866.46426610	76676.83975982
94	17993.45657541	12096.85338980	39617.26201440	56662.07684666
95	57781.10385291	52810.50112271	75057.89624365	96951.93431485
96	40293.76315740	35215.59783233	62529.92968962	79432.52611875
97	42889.17623796	37877.24308255	64552.37178885	82042.65738013
98	24946.37688558	20312.92958516	47306.04277577	64120.67816797
99	51246.09541019	46276.27619420	70434.20554546	90413.15966699
100	35700.07569750	30388.37072202	57821.36853068	74775.20972781
101	36584.61886149	31948.46131279	58924.56891231	75755.95744306
102	28507.16629177	23789.19880788	50872.35665710	67678.33855853
103	39097.26401971	34546.35503758	61392.06390645	78245.61132557
104	44980.08868861	39893.91617546	65570.46897868	84126.81507203
105	55998.03731187	51033.30263289	73832.17009469	95168.34211487
106	24312.43354189	19252.35917394	46481.05866671	63399.41538679
107	23656.49620540	17236.90680143	45108.86612481	62196.25358179
108	34229.49593628	29202.80694844	56465.94150633	73362.78960473
109	27400.76498181	22520.75214533	49677.59718235	66545.06096451
110	28926.28792985	22730.82505259	50585.79543194	67654.03053845
111	53318.21628914	48115.32980129	70770.60726597	92463.15338819
112	48525.06843121	43472.29639073	68112.32275933	87681.41265036
113	31565.62215645	25910.51845972	53505.53744734	70516.31046463
114	18662.34026388	13257.81181428	40587.33865969	57572.66043866
115	20512.83524967	15315.19986758	42577.17612566	59527.15827170
116	44963.91805107	40350.59049886	67281.98855461	84126.80271728
117	47087.61055535	42173.50039137	67857.95291091	86255.94342127
118	52905.15418696	47947.58736836	71684.95809501	92074.20249915
119	21675.02174415	14888.83115333	42883.10636071	59991.40096941
120	34476.47770938	29757.81276758	56839.09544248	73650.16280114
121	46573.93319610	41895.64746391	68910.93658625	85745.06937269
122	40630.57220920	36083.81201883	62919.47427499	79775.27813061
123	20973.68726430	16052.81758694	43198.08774252	60085.01830994
124	42755.28733141	38063.19047099	65101.21007078	81928.60626219
125	35980.09357349	31440.89658489	58002.63313418	74882.95364484
126	38636.03798834	33911.92969839	60267.62831700	76815.96983298
127	18044.25453056	13311.10820162	40374.67007707	57198.35599069
128	27974.91864905	23483.24429410	50195.69928940	67063.83916008
129	29984.91323423	25428.44616779	52302.27494405	69145.08090065
130	26674.39564923	22147.65876926	48764.30686218	65643.63298567
131	45103.30962919	40515.76009565	66934.23806379	83474.05130672
132	14429.59153184	8424.79609981	34719.85376945	51495.60574717
133	32150.77684107	27659.37104930	54352.35652142	71224.46052506
134	12675.74654376	8184.01203911	34936.27744881	51787.97026806
135	41343.91408677	36778.64719183	63243.25116976	80116.23886177
136	29828.86612776	24801.06249657	51139.79556811	67955.49752685
137	34226.23454295	29256.69969964	55595.49680818	71945.37660017
138	24605.51265903	20113.08220004	46844.09408158	63707.91187169
139	19266.83028205	14694.26118339	41245.10632187	58125.64415612
140	16778.56985002	11741.80202205	38904.95951889	55822.60242799
141	24383.42124468	19056.23681715	45391.02339299	62182.45496942
142	21857.99629867	17358.26948138	44034.28143970	60905.87347333
143	25566.88362338	21025.47912621	47617.02628332	64497.29375566
144	28915.58416117	24407.01017483	51046.46745902	67924.24630689
145	56323.30171738	51817.51509761	78196.17726839	95415.93659119
146	68692.60757465	64192.86587527	89008.28817708	106893.98366901
147	57037.19305470	52508.02219805	78181.25958474	96154.12672406
148	59125.54342243	54578.68206956	79424.51236961	98252.53899424
149	68007.82529185	63454.56520326	85899.98243217	107131.17714952
150	55142.37140709	50331.90583003	74159.30919034	94316.60554739
151	56749.81791070	52078.85053619	76312.24406664	95914.91535987
152	53701.73125506	49101.39071222	74741.63378303	92855.11357183
153	49300.46739950	44768.33775385	71320.68701008	88199.69065191
154	51926.92205261	47355.76323088	73825.66213502	91071.89653119
155	73218.00273325	68724.75661876	91507.23546405	111694.13731861
156	60909.08084437	56417.46604124	82600.74230676	99941.00364635
157	77674.67483392	73183.14280156	95451.50055292	115635.72637304
158	80407.00823858	75901.36667496	96688.76839133	118757.55649763
159	64140.80190248	59613.86077432	83447.58180250	103249.60626881
160	51669.81276377	47105.62064416	73547.87665707	89602.44048527
161	58732.47202091	54224.20783248	79915.85654924	97826.37873382
162	54847.55478054	50168.71677723	74847.61652608	94014.67030245
163	63261.49290687	58731.46463884	85270.61690473	101066.26385138
164	55994.44219795	51450.42409425	77954.50687901	94048.63110186
165	53104.70988810	48334.99038942	72935.49258833	92278.47123112
166	56385.74204929	51800.38591572	76874.31675580	95532.35301735
167	65458.19900442	60957.49613606	85138.46633714	104533.63999238
168	4501.09694630	17733.00789773	5804.19807562	36941.69809288
169	5682.52538780	21241.43094809	4683.71023742	33328.20115123
170	4623.58434863	22956.07217552	3479.98840482	31754.78272041
171	26944.14887348	24658.68520823	16679.90292925	56910.99722808
172	7723.92697222	19572.33506815	2534.40779696	37078.01955898
173	6348.68635498	24993.25067436	242.32458284	32136.15515485
174	9667.71108805	23612.21485636	1177.25324416	35521.38329790
175	9133.87910526	29452.36042750	6613.19222054	33574.56882771
176	4284.61439335	25569.43151263	767.45543003	30003.30448965
177	6974.79572148	27223.05202253	3466.25040433	32528.79691147
178	9493.77699447	33787.12772819	10050.49163505	31112.62812078
179	2725.90660474	29734.22672979	3821.46172895	28103.39369214
180	9934.34284367	31679.75931540	8810.68050759	33111.26758643
181	5883.70084628	28941.26583656	4540.42102068	30984.82092850
182	4765.64831616	32152.77510980	6701.05994087	27862.41493235
183	4930.87614273	29040.21271454	4096.62591219	30160.05023284
184	6412.34153028	31800.66036494	7119.12993438	29677.84788066
185	764.84488794	31311.56449854	4173.49337072	24053.32522231
186	2051.15544584	32372.00009140	5497.64736262	24557.94869627
187	1757.97628962	28593.86191819	1831.25992504	27293.70343875
188	2289.32134636	34070.74974110	6920.93604728	22090.50204801
189	3098.61562180	32523.03794174	6151.67504295	25818.91464339
190	14300.86380085	35631.58222041	13579.26139527	35041.99972803
191	41180.61054463	31495.71327548	30482.68657150	67703.97058749
192	45503.99503289	48297.48669220	39742.69042849	64836.33222330
193	16993.16314099	36305.95248202	15289.93682962	37743.97716835
194	12857.42050187	34686.84122709	12308.79238942	34101.03875273
195	38160.48296739	43492.65805088	32190.61931341	58487.43571298
196	14572.47331149	34332.03000774	12800.53433534	36275.71607909
197	21159.96927773	35671.20369922	17035.85733792	43052.14066198
198	13521.16480861	33809.42246593	11942.37269563	35457.67711685
199	29618.45532845	38521.13115055	23068.84061918	51555.71394957
200	11613.99193481	34471.73359003	11589.97707951	32873.23184300
201	14690.90095486	27428.09229276	7913.89249875	39563.08036839
202	17949.43439930	35597.66235272	15387.00035924	39338.00798404
203	21751.20153592	32135.73969355	14690.62614530	45282.39075491
204	49029.57560670	38044.07096504	38473.62824175	73402.88405866
205	12329.27531783	32917.62566921	10760.66903917	34759.83190610
206	22160.29524716	34295.28971151	16402.35730822	44865.55311471
207	15428.35399122	32267.19040803	11938.24501607	38397.83089604
208	20714.65880496	37454.86461280	18028.05345953	41501.61127374
209	43692.19873942	46962.35723790	37855.98735947	63282.39289635
210	18943.77084962	29549.23598228	11462.18511296	43185.06764069
211	11465.14681221	25999.43167420	4996.21531079	36885.40400044
212	18059.53675755	32480.20336703	13438.69065903	41117.71009088
213	41812.98508636	45613.37706913	35891.61028878	61684.45272528
214	11385.35105454	26776.52140687	5576.52588480	36613.70418560
215	14305.68636239	17242.06488042	4499.23570662	49595.03520466
216	12539.36997844	8702.98676436	1430.42433026	56405.30571180
217	13286.00142862	7809.63008674	1686.04246143	57536.31698471
218	14211.16595064	6881.00206981	1637.94818263	58709.34771393
219	16743.22104122	12382.06505925	3331.69717144	58096.40645760
220	17748.16487917	11583.14595455	3928.36381493	59588.99745133
221	13911.34961800	11933.99353758	757.06383256	55722.34680666
222	5127.51089103	10186.35982369	4810.71847957	46244.34705737
223	8464.63938156	14404.55210317	849.17046712	45236.18795834
224	13519.13459866	13213.25288352	1542.35852978	53751.63485703
225	14818.37182625	5778.36960943	2115.82578836	59643.21461291
226	15454.62724487	4485.91359629	2927.84986826	60614.27444349
227	22600.77866611	4055.16624835	1325.73738772	67188.78995911
228	18765.05678531	10858.05124888	4010.28684362	61066.96957988
229	19686.12081906	9515.15945609	3707.07720112	62532.71547782
230	18279.78454980	6596.39644048	434.46842610	62545.91039910
231	14085.49393890	3286.69245376	5116.00946437	59747.11695399
232	11555.27331019	2301.70625995	7817.49306784	57546.89903191
233	11378.67739904	5341.57703779	4721.14730220	56691.51781117
234	8651.69616890	2716.91573089	7673.20098865	54553.28252268
235	5443.65958308	4475.13250961	7776.53012611	51032.90252897
236	5910.39808416	1564.85146912	10647.28757887	51897.10505865
237	6073.89734535	1284.80322589	12775.36127613	51468.76125592
238	3644.01663002	5302.05640658	13654.93344507	47147.56662739
239	7444.65107382	1557.02072980	16175.37390173	50512.05114324
240	16383.32223203	5113.60302115	14467.98985276	61628.03876613
241	43550.07925710	38925.13963041	65874.86939601	82716.09054402
242	15683.12402112	8505.74449433	585.38010102	59261.92788934
243	58307.54236509	52370.63913495	71278.53117992	97339.53135859
244	58882.39037713	53552.89271419	74095.29052952	98020.22957686
245	60233.81448316	55524.17465925	78498.81186229	99401.41421879
246	74413.88333767	69750.36350643	89723.13715498	113566.73078582
247	60473.52316551	55332.31812795	76116.80899916	99634.03070362
248	29160.00300038	55787.11062172	40896.48908949	32345.72523966
249	26684.27618553	52464.54275884	38521.06814749	29234.93032788
250	23425.24480665	50066.08558314	35254.69526876	26331.32180219
251	22799.30110173	48350.95551311	34677.26010652	24963.63286897
252	22014.54462300	46993.50304856	33895.60283503	23729.82090100
253	19665.93761103	44460.50633882	31524.87224890	21057.17605960
254	37020.14317749	65406.83240802	48325.69468931	41412.79018819
255	42403.76936129	69707.40898245	53809.23627644	46357.18654289
256	52034.64334328	76239.04704433	63723.43156732	50102.41862329
257	32726.92639057	60668.12379836	44214.77328496	36764.61954746
258	49313.82190217	74990.53487851	60866.57711121	50293.82744333
259	46334.86764902	72781.72143547	57817.87608500	49134.94159165
260	51357.12863679	76840.22550900	62911.94918484	51723.48689796
261	33962.54767031	61244.90223742	45527.94597872	37683.75829581
262	40055.56984191	68314.14646398	51322.68624967	44447.14084591
263	31489.86245741	58866.63647629	43092.46251909	35179.38395409
264	50309.18150614	76267.99929767	61812.01023926	51658.05784911
265	30275.54588582	57445.06402382	41930.61515457	33807.84216871
266	50629.26730100	75835.06042804	62225.92693125	50602.08122019
267	50743.33025398	75419.49943228	62397.40168069	49781.85148400
268	56831.41267224	79645.09546435	68597.62946182	52052.64587586
269	55863.39616855	79422.50737279	67579.59878643	52410.13870109
270	57955.75341268	81876.20211651	69624.60150174	54895.22379627
271	56172.71829344	81199.62183513	67736.29112680	55182.37881184
272	57756.98521393	83312.65650531	69235.94975056	57531.99782211
273	53870.09788441	79833.40272788	65331.13313887	54787.47915007
274	57388.05647372	83895.91122667	68445.41459148	58912.89814485
275	55385.35623796	81399.62775464	66821.98973536	56224.82603860
276	28705.41818327	54589.83024376	31868.77595819	38958.40162738
277	28357.90611904	53149.33661763	30863.06291901	39559.32995079
278	27757.63201346	54127.14607157	31156.90750179	37900.85195865
279	24679.33896593	56553.50167706	31797.46442271	32138.68060748
280	30721.07185047	61257.94591325	37264.93597241	37831.68159821
281	29286.33224137	56789.83118481	33444.13566920	37961.95915641
282	28734.61372936	56972.74169889	33318.44810969	36875.49936976
283	27226.75916640	59600.72104667	35631.90302524	34028.69681886
284	30320.14882989	56547.18702673	33768.02997241	39823.42873665
285	23543.53825342	56280.18247224	32326.49551935	30587.39224408
286	28013.31641142	58618.77105704	38946.79498476	33603.80178636
287	22215.07493663	54749.06308037	29633.74215563	29840.78226365
288	27096.82182543	52598.41919436	29938.48906563	38143.54778884
289	20192.43667733	50896.30711702	25937.82440993	28978.52165520
290	22174.59038654	52388.30702568	27726.35177223	30624.53696975
291	23829.24477733	54052.85060073	29506.95441143	31761.79922647
292	14419.03292295	37710.48783380	15009.66432559	33401.83260329
293	7004.43864076	35156.99363340	9667.24261209	26744.42345951
294	21624.04360579	46832.74960627	23864.12817398	34788.11656478
295	10421.54676387	35932.42491827	11806.66237684	30110.73459998
296	40780.54582674	70552.80322251	47324.24020026	47251.35011213
297	42729.68277403	73285.24832973	49959.63035557	48863.58277716
298	40198.56501962	67939.26698162	45178.84557404	47161.68455012
299	37631.93060916	68995.90679191	45479.47505532	43853.99355461
300	34729.30480539	63443.82195852	46015.36859129	39255.64714757
301	43469.91751261	69971.52306552	47733.82710136	50479.72058922
302	43859.82139233	72409.88303142	49646.07756139	50414.86325167
303	32023.16157945	60742.68070228	43374.31542975	36492.43153834
304	45014.02723421	74469.60866023	54508.01282403	50133.11348546
305	35613.08306301	60396.24230794	38495.19910155	44957.39231419
306	47454.70952560	77886.03577402	55159.83576654	53171.79187526
307	36125.92922685	66626.62069127	42980.51643571	42766.00531699
308	38248.01343905	64773.74371665	42186.68755533	45586.74249430
309	33525.64403443	65366.63492547	41292.42458271	40049.46904819
310	43102.11305504	71046.60638679	48401.75388964	49836.15256039
311	38575.07431662	67925.88411138	49161.41247179	43545.47000678
312	43655.33597078	73281.92990682	53124.59968227	48857.10160451
313	44886.69759616	74006.67516658	51143.67759044	51250.37250311
314	34036.76499612	64460.58578446	40706.87472659	40869.60814625
315	36872.85296231	67231.24789754	46455.12665606	42433.85424965
316	36764.81175096	67662.17165983	45579.65733068	42669.80340033
317	35292.77879858	65078.08829107	45923.05311079	40474.05803560
318	33548.73658289	64818.03696256	42413.89083609	39666.98883340
319	44135.54135162	71508.01106608	49071.96498953	50928.87527846
320	44381.33035653	75050.32050530	52180.19480156	50216.33863994
321	36364.63000209	65677.10812816	42305.71361168	43263.72481545
322	36537.08995428	62286.58419746	39982.72837133	44893.54605560
323	36651.88622722	66113.91023476	47432.86917641	41658.14311229
324	35074.11428882	66667.35227141	43053.65713521	41419.41900177
325	42183.36928189	71849.90529378	51818.39736693	47390.50973499
326	34658.16252243	63606.00870961	40202.61152225	41774.42180515
327	33838.67250490	64320.47977161	43828.96630247	39437.81100056
328	41586.58619186	72067.88664056	50165.50943990	47278.68629235
329	39322.34408009	70047.68320059	47926.75357806	45143.88023368
330	47265.12316662	77115.23617885	55879.30814589	52636.88237633
331	41437.41574435	67543.52352910	45284.98840175	48647.22421919
332	44606.04608006	74722.19969748	53235.37885525	50107.49051388
333	38449.59349693	67897.31259076	44619.70092447	45160.49548967
334	38219.55259326	68266.15903747	47988.90392240	43604.20442529
335	45663.23629608	75598.12432179	52557.51075211	51765.41848308
336	39500.68275658	63707.65227934	42227.64522585	48480.51939686
337	49735.42771501	77114.30926764	60795.30438401	53772.49503414
338	48467.41245117	76852.74548296	58699.53003662	53073.77805311
339	47930.04730901	75220.54582741	59248.88527701	51985.80648677
340	53196.69581587	78439.89460969	64762.45616838	52915.58452596
341	45203.90243952	72890.80624015	56490.85566115	49405.48607384
342	55773.00407178	82394.00169656	66882.51599516	57673.60399695
343	52475.35935923	79961.36259906	63132.36494379	56367.75353441
344	53832.88968019	80806.31384491	64820.56742478	56601.12849518
345	43441.48626190	71931.04270964	54229.43712387	48018.65604437
346	51733.48069097	78422.50664701	63105.53548643	54226.22764420
347	47088.54001292	74946.74895159	58013.69227399	51409.10614778
348	48439.39409945	75190.93898395	59845.18535871	51485.00930637
349	53666.36977534	78157.06700389	65313.06201665	52027.20809410
350	49417.16850306	78309.75255459	58977.45297639	54293.98950615
351	51723.43382245	76570.08479552	63350.02582878	50930.92250387
352	51972.46183703	77970.62856663	63450.05252444	53179.02342464
353	53606.05261590	79353.64134600	65101.00993661	54168.19498897
354	46651.32447645	74968.82939350	57179.41138596	51195.05911340
355	45361.21237078	73911.03711318	55821.91384786	50002.25115037
356	46200.47901577	75671.64307192	55502.86059900	51342.64682146
357	46695.93273485	75644.11709198	56558.24397584	51562.90479128
358	51568.31118472	79340.73158347	62050.28822342	55917.71833630
359	28576.11562911	58848.04975394	34742.91729523	35963.52508575
360	28950.63735851	60103.16971523	39060.35423878	34932.73982235
361	24877.23545069	50513.05844177	27650.70621308	36548.79899650
362	34330.25119733	58327.30469338	36712.89037527	44561.39672276
363	31242.67897571	63223.81163509	39377.47235131	37806.41966703
364	21476.57902121	52665.84372490	32477.53168044	27359.19388198
365	23542.73790398	54917.97515518	34359.95267350	29594.19715110
366	32579.02638195	62867.98107775	39048.00349203	39572.82379560
367	27504.33447056	51451.08941536	29452.72877364	39560.49998940
368	27050.90940598	50211.07983273	28467.55259889	39765.46166510
369	34474.29503845	60926.16784035	38231.60944077	42702.69138490
370	31964.24132166	58821.60621812	35853.28013094	40469.64038333
371	30532.53037674	55444.60676793	33235.95698430	41030.13817910
372	31096.20438554	60358.73087407	36631.16700131	38456.11179206
373	25405.97129248	57199.28946977	35445.25299747	31775.82566120
374	32900.72358120	58537.37897526	36132.40197271	42207.29854385
375	28910.45046002	52566.92047578	30776.78729336	40761.55690801
376	30059.43475922	53727.82962591	32007.49193764	41588.24531484
377	32712.36440164	60242.75587343	37024.10071138	40399.32214486
378	23449.34505060	52658.94132540	28432.41910128	32472.44613725
379	32669.84845518	56611.29382566	34934.48566336	43336.60551262
380	18557.76983030	52017.29134002	26388.81956636	26514.03263773
381	25972.04718277	56735.05050337	32316.41891710	33534.49128950
382	35503.71321145	62993.51674003	39974.27135071	42855.13701932
383	19293.69450419	52579.10445224	28391.88534585	26767.40121734
384	30988.91588355	60749.25459208	42100.00047513	36078.98505188
385	25618.08006777	54628.09367206	30563.42453303	34024.54025563
386	35270.58146716	56931.61275874	36143.62920490	46883.94570556
387	28354.15492569	58309.90996475	39491.77936323	33517.45409191
388	23448.33232434	53953.19544910	34602.38269700	28879.22890084
389	24848.97904666	52389.10150405	28809.62188803	34957.40176447
390	26818.59625967	56122.06850078	32027.71215024	34598.03028015
391	17663.78706426	43366.81514624	19817.15689186	32137.40360124
392	9611.70642098	36985.48804462	12036.43690808	27728.67030751
393	26222.09586473	49180.14648255	27439.94382393	39312.59227835
394	19978.30791430	43356.14004670	21047.96470758	35499.20824610
395	16688.21286441	41547.72588971	18231.78808745	32434.56087223
396	18383.43251795	46133.19978255	22051.21681759	30993.64916485
397	24722.31068413	47581.11288599	25784.57332734	38463.76260021
398	13464.50534823	39177.88287946	15215.69565917	30447.53834387
399	21452.29725623	48951.22599221	25174.48167283	32915.69700697
400	11869.21875966	39037.52280304	14369.78565296	28336.96844860
401	17030.73908409	40115.07112510	17742.75109526	34572.17322325
402	11008.07116327	37560.38874367	13045.07654672	28945.91224827
403	21696.92366996	45110.99888942	22879.19604212	36253.26493982
404	8121.59572107	40014.32933004	13861.29154650	23550.75185474
405	10070.85704369	44519.28640725	17861.27021207	20306.29489582
406	4551.06639518	40134.40108476	13031.07153953	18917.00479175
407	16486.63418190	50345.84907292	25149.83676493	24513.52671183
408	14176.71110071	44164.18043513	19084.49940733	27055.93901481
409	6614.63917374	40465.55500885	13570.69478203	15995.85836597
410	11686.64591046	41257.15336497	16044.64755648	26529.69154939
411	4845.19125932	39131.74818353	13860.00637322	14138.20492674
412	16333.88277844	47133.63950986	21930.06474211	27068.30957987
413	14181.51240036	41863.53935081	17398.74646988	28997.33070402
414	14726.70667216	48348.98842613	22259.23771480	23309.68619767
415	12441.38950510	43966.33207599	18264.61099958	24873.93449438
416	10691.53367875	42963.24230568	16937.46044118	23586.81124644
417	11550.84533622	44764.76280228	18548.59011890	22505.01816358
418	7109.68488652	42434.31769459	15261.01373576	18762.95605826
419	2796.25709207	38603.86864996	11458.29923300	19138.95533023
420	4663.22667969	39218.40001917	12293.43172416	20558.26434782
421	2720.51867441	37381.80918273	10319.87188576	20776.83408170
422	4725.51314624	37628.32153009	10962.52950097	22311.09331891
423	276.75144729	35106.14918134	8211.95971230	19903.87279886
424	1353.08570433	37504.13661040	10398.73784779	18793.49429741
425	656.17651536	35829.45984568	8686.07959138	20508.96058176
426	3944.86462526	39025.29157758	10016.88934772	16336.47986443
427	3165.11869575	37039.52819829	8807.81724892	14349.49829182
428	2509.10027696	36166.25222733	10961.12817275	11857.85033166
429	22783.96419124	52444.33780579	34202.68211909	27610.54475844
430	7783.30184765	42104.91489576	17286.96174584	16578.29825679
431	9414.43081671	43321.52990989	19627.58974542	17533.77526915
432	25088.02209369	54856.71386144	36393.91252197	30051.90276550
433	20226.47199285	52565.20678269	30730.31228730	26929.36192756
434	15245.61673862	48589.33705797	25375.99272923	22757.92259867
435	18602.37686808	46959.89944571	30380.70155061	22364.81948111
436	9694.70287428	43027.61144556	20490.72699049	17188.44793747
437	10735.50652356	44366.94797114	21097.57300406	18535.79351695
438	26761.20635117	56008.61817359	38140.32524926	31426.82548794
439	14629.60699554	45228.14935294	26195.24655685	19884.28229487
440	21474.00266438	50140.11637562	33131.72103000	25581.50819995
441	15477.49950162	47521.97891631	26484.01418394	21876.82371992
442	25446.84938737	53350.22003321	37110.72453471	29220.85325697
443	8973.09560654	43285.17775440	16956.88150200	18155.72679758
444	17414.71949289	45507.15334360	29244.06230725	20924.16674584
445	19587.35042421	51217.54577989	30507.13259285	25747.41434319
446	24584.57532942	51780.53323075	36350.40914928	27887.37666824
447	16346.86776119	45919.80754188	28035.64666649	20874.00147340
448	28933.83060737	57803.56045996	40333.83440532	33418.41700652
449	28848.74595828	56847.87087865	40417.12797487	32799.86412216
450	27411.08710428	54487.77776853	39134.35143633	30773.26529816
451	13941.85284905	45255.92966345	25351.58324699	19723.66277969
452	17676.88128656	49085.90667019	28807.77811799	23632.54469196
453	13882.15371926	46078.21757381	24943.90748767	20376.12160599
454	24440.38648714	52880.03414757	36048.78899806	28514.83580747
455	8385.59076352	42493.84499947	18441.61574219	16776.72580300
456	22408.72283400	50631.36583202	34104.42685497	26262.63412240
457	20586.11624253	47538.36088369	32436.04510612	23522.98402299
458	19754.05414744	48737.29146249	31415.97145110	24005.57405858
459	18191.07778779	44945.24382910	30070.20273855	20834.89165011
460	12538.75783921	45525.88958272	23256.66542490	19707.05394253
461	11492.06856341	45679.97513558	20830.72626611	19953.64019224
462	7064.33942772	36817.09727452	18905.34175814	11158.99010889
463	7554.56654394	38015.11587812	19436.37957880	12330.28446110
464	7833.23812787	36299.62097028	19563.83264245	10840.49609361
465	8739.62152860	36600.88454955	20457.79705260	11295.79119978
466	3979.94696795	32995.98070967	14913.94079902	7164.58742775
467	9247.43280105	41941.13801534	20518.20500820	16115.71728412
468	2597.59860005	36656.85990586	14064.49226271	11150.81015453
469	5514.93956677	39163.54353690	16723.99746421	13397.20730330
470	11616.15811046	43395.48842455	23043.00990134	17710.85736695
471	4939.08275618	36983.29503103	16805.67832900	11143.89939467
472	15442.07569934	43155.59290767	27318.82418064	18545.08173580
473	5681.58494033	35155.17749239	17343.89344124	9393.35132400
474	1077.70466639	33941.47098599	12627.85471545	8596.16380608
475	8929.30097045	40587.19040648	20605.91404528	14841.65452389
476	55440.24957590	79750.48779405	67090.36724965	53295.33739794
477	29728.29647850	61604.54301077	37274.88300731	36610.43882838
478	21780.32749082	54075.30263156	32110.64734335	28468.44031352
479	10245.33242102	40457.79524459	22082.71747887	14975.54736878
480	8805.11172685	33453.18025929	20160.29157616	8618.60136796
481	33294.07239823	62897.44784832	44384.15835232	38328.89616187
482	6765.29567950	41124.49771097	15787.18622546	15865.13792456
483	8259.66565250	41810.49347320	19076.61075773	15988.87217231
484	11253.58513759	30502.90724643	25513.67788327	7952.68966241
485	19732.72633109	25756.33982758	25041.23569175	5783.89752957
486	40615.40432625	69793.59399933	51081.90384297	45515.94425939
487	13796.81065740	38369.10081541	25425.12024005	14389.55341645
488	32057.47607649	54828.61342585	33515.93529287	43683.76258736
489	29497.72593097	56416.06031797	33313.72075259	38641.10238994
490	4175.84274514	35150.03178947	8493.31396705	23500.76688504
491	19372.32027540	49495.02369860	30818.44261099	24420.34530878
492	17609.64794522	50246.23673385	28108.13463903	24519.60210997
493	43015.96524436	68229.87864306	46395.93375948	50549.66209626
494	39879.52744816	64947.41311128	43080.53408933	48108.43318689
495	43983.70804133	69647.10837043	47672.10753527	51125.89841993
496	48905.65909356	78841.82523767	55932.94129042	54808.97393977
497	47805.61388697	75848.97754697	53413.12492429	54249.24115377
498	47336.74603291	73793.08531055	51783.73671130	54140.03018043
499	48945.94383458	77735.29999087	55142.06385396	55144.00087695
500	51190.16576560	79460.23768704	61215.98266117	55778.53021337
501	50456.09500189	79942.49547337	59134.12738014	55654.83498200
502	49900.33363344	80176.92638246	57502.14487728	55545.97746766
503	45830.60011496	70917.02452827	49226.40236847	53002.37490877
504	36264.03085549	58571.15462678	37619.95005795	47249.44231966
505	52380.79492056	52699.92180773	46557.75603872	71177.59526934
506	55333.28137518	53563.60822603	49125.52336398	74347.78857727
507	22539.55071067	44338.89427907	22852.16524958	38461.11999608
508	30121.91190494	51757.26232630	30708.12392945	43092.79359126
509	32933.88574048	54085.60654319	33364.68262203	45493.52409697
510	28767.23209702	50556.38909602	29384.52035068	42063.87456538
511	19059.85547621	40456.47185847	18877.17759435	37094.28779665
512	22768.28602432	39720.41852354	20420.33058631	42621.00983257
513	21376.11547422	42227.24550520	21043.71294484	38763.04180766
514	24782.63441529	39565.63547257	21242.60270280	45297.54780090
515	23937.07593665	37103.23972887	19146.76807982	45609.85788148
516	23534.64351517	39366.18080363	20663.38673754	43833.31135613
517	24389.68365115	45927.51852989	24654.85589102	39740.94783861
518	34798.53390148	47840.90502004	31329.04243270	53140.97724785
519	30985.94862137	44167.00272963	26862.60491335	50662.38661040
520	22923.12308576	40905.23816617	21120.98074746	41992.21828853
521	27618.82341266	40152.29075212	22783.59640892	48555.38815705
522	24871.76699772	45324.62086914	24548.79879888	41090.63665693
523	21300.13026082	40987.45919823	20284.84178688	39728.91920421
524	27524.38059406	48544.49196714	27659.84628918	42126.37117500
525	38163.81749622	45721.57844983	33043.86959173	57666.70947892
526	46636.48371360	52125.39105133	41941.91602404	64683.20844796
527	40858.74453663	49425.53812422	36551.91428199	59162.08161614
528	49486.70953425	49743.53694968	43352.70654128	68862.76161601
529	45332.01267114	52595.80263597	41120.27857605	62973.35678633
530	47860.19106749	50834.05448440	42439.37237317	66597.99159689
531	9972.53030411	4885.33593630	32000.47525295	48917.08381412
532	10670.28216267	5675.25275940	32775.14688441	49674.15186084
533	7440.15911156	2598.87768831	29640.82081483	46488.14884849
534	9340.37809821	4818.44447292	31522.22655003	48382.23112719
535	9028.78065396	3973.41365036	31070.82256892	47976.92348069
536	1867.34766769	4115.45935797	22922.27296553	39807.87022709
537	1386.97314678	3243.37626708	23524.16874916	40356.84221651
538	2846.58294687	4212.98772487	22949.66870910	39956.40504507
539	1675.70002994	4218.83265035	22384.36936585	39249.46880711
540	838.26161098	3991.44052041	22964.71947930	39747.83975913
541	3356.40853432	1146.45963981	25646.90164762	42475.41673065
542	5282.77939882	624.36236634	27625.36797956	44407.90946771
543	703.64857494	6606.87058101	20389.60678923	37167.56347864
544	1503.42927740	11415.84169622	16724.51857925	33844.04427517
545	364.04360092	11321.38892334	16358.33377516	33504.53251307
546	1770.11716487	8396.71719478	19149.29321394	36284.02420116
547	101.25173340	8638.77827171	18522.29356387	35560.45227152
548	4483.68093669	8716.92083878	17799.59833764	34671.67936699
549	5749.91118887	297.42628858	26710.56496599	43588.65658619
550	6934.66561182	641.91732315	25589.13409787	42389.69971596
551	427.75289682	15571.92085494	13247.26146005	30203.62122971
552	273.86628427	15790.33745963	13817.10306694	30588.01186030
553	117.88906611	14663.24335711	14068.71733075	31060.86464844
554	229.47284841	13144.05413972	15045.31390999	32144.34244252
555	946.69173604	16621.07733483	12539.78656513	29389.76095773
556	10192.56991215	13942.82527272	9618.88168664	26497.36332103
557	496.49776103	16103.30958183	13584.91382425	30555.05998928
558	167.67271307	17635.82040103	11388.26658385	29509.72182214
559	764.14596931	16875.45491639	11868.82981925	30223.36928259
560	1411.38968246	17649.41599843	12271.17590655	28851.21016019
561	270.43194604	17200.75232993	12764.75078515	29538.37609668
562	2524.68047172	20402.49041029	10104.17635306	26633.63242837
563	1586.33175872	18743.50059602	11439.16915766	28023.42269655
564	5499.30181049	20228.02807947	7999.55107386	24969.50453077
565	774.52780867	19609.83283521	9491.12720997	28052.15163042
566	772.38181591	18239.60554017	9773.86002039	29631.21088077
567	594.81332848	18437.63615942	11101.63985110	28683.17411148
568	88.80004644	22784.74672600	6084.62216067	26474.41999915
569	43.87184185	19945.24748207	8014.03880574	28580.91099067
570	53.94177552	22935.52684281	5637.65214425	26632.31492775
571	189.61031563	21169.30567424	6489.76786977	28161.77709409
572	1605.66643783	21619.09512380	7641.41201434	26755.75568325
573	525.84968153	22157.18455466	5411.97982169	27780.53519477
574	151.15041216	22086.77867667	5857.49389117	27477.41650967
575	562.91735589	23579.77869623	4704.81149933	26640.92685502
576	1014.21438495	24071.11033909	4083.71611033	26617.39857722
577	834.11829949	22770.33381339	6922.76932730	25935.32897656
578	152.62965867	23213.63901503	5211.22559184	26646.39387570
579	997.38917498	20877.28319899	7804.74453339	27526.53684004
580	208.46685876	25310.91703138	4823.30681974	24958.04728112
581	609.89759742	24450.37610926	5666.48883619	25097.06133935
582	844.74066950	25634.52353227	5883.39189806	23991.61255072
583	668.92141235	25266.56813168	5707.49033587	24387.24151187
584	424.25937212	25736.66006328	5453.52797602	24205.65698082
585	188.97655421	24891.91311711	5266.15363526	24986.02854085
586	612.11993315	24823.25913731	5695.06942412	24755.40421447
587	85.26327400	24298.67260337	4886.14244509	25776.26987110
588	1029.04648503	24759.09116663	6113.69084930	24538.99092283
589	1497.60652484	24129.50938034	6541.09878211	24829.97279937
590	204.92574248	25497.41518342	5241.12208242	24525.45995295
591	1218.22042932	25261.98221361	6256.58567743	24036.45884658
592	644.38584428	23956.23309498	5678.27448130	25545.58637267
593	1015.76041604	25963.99777367	6133.09625446	23590.58998494
594	1421.76708489	24709.19606613	6506.90014082	24337.06823802
595	3573.52957703	24499.56919536	7330.97935622	23263.82102239
596	2505.20428756	22472.93688817	8579.27244024	25337.07078904
597	2095.29014193	24966.17875606	7158.30370900	23735.27131268
598	3916.81870538	22647.39764099	8212.51574639	24599.54590615
599	2706.31838877	25551.82009570	7443.91550140	22873.33463172
600	1693.78710723	25578.51276013	6731.18285037	23495.89982313
601	1783.30627153	24656.62591390	6868.85756225	24165.79726921
602	2210.32999598	24655.21169350	7295.41673410	23922.68175483
603	1643.03818539	24988.82093762	6701.87745695	23983.88432319
604	2434.98759909	24120.71432004	7789.63699043	24131.63755347
605	2103.92872498	25679.10588327	7250.99980465	23108.49039749
606	1903.69691489	25069.72687673	6953.83003655	23767.66774074
607	1940.20316305	24124.59648703	7167.29681233	24466.69073673
608	2868.87571230	24540.65105863	7984.90443632	23652.78723150
609	5177.04201224	24650.78269127	6098.89889629	22450.87326848
610	7902.86520283	23833.15311093	5400.53280767	21871.05780660
611	6993.30508231	25149.78341628	3237.39604611	19491.97849299
612	6551.76219592	25665.45068124	3914.58485087	20499.18318891
613	7525.88358949	24248.62916487	2688.82163527	19352.53928870
614	8666.53653010	23803.63382978	3912.93526752	20749.63946940
615	8972.15615720	22101.91761478	4672.90945447	21797.04937145
616	9523.74845366	22273.58984525	4086.62597979	21206.92090335
617	8760.82790395	22990.50754444	2925.04646356	19994.85569519
618	7983.70813126	23613.82647333	2402.08095292	19349.40146902
619	3316.82034179	25916.26222908	6466.92235796	22057.37992189
620	3143.66429968	26620.76213253	5852.81762462	21350.42155127
621	2932.59196833	27945.62930305	4457.01820149	19838.83305343
622	1901.50903204	28660.54054547	4666.82529330	19590.29756866
623	2249.72541704	27662.60352999	5643.77117091	20695.08407861
624	3777.72381370	26959.62728914	4971.78266806	20640.59421750
625	4269.26731042	27520.24782989	3650.41964941	19609.02806645
626	1543.84055744	27010.25105846	6983.96414928	21896.43395258
627	1319.27887445	26388.28895723	6775.30614124	22884.05869192
628	1640.64238271	26638.00885869	7316.75807805	22303.79862987
629	1636.54006575	26094.18810215	6970.36953097	22967.04276714
630	1097.37013457	26294.77419771	6500.94527314	23123.44786781
631	1192.20631284	27173.62189452	7156.09933040	21956.52697595
632	1281.76093840	26657.23506553	6890.40491368	22632.50367984
633	1547.56897461	26520.10474691	7137.84823168	22566.63596116
634	1959.34339500	26662.59089762	6916.63474394	22023.17761647
635	992.72765322	26886.65438471	6758.29537799	22574.53346664
636	1328.44159460	26891.13668684	7307.30448368	22215.89251553
637	811.35697584	27199.68988188	6970.38915273	22246.65822678
638	1783.15011120	26570.56614249	7230.68080880	22277.80695592
639	1923.08514488	26069.67994406	7260.55930522	22809.31156938
640	98.78252245	28049.30656090	7022.98468045	21768.63308588
641	60.21288122	28086.35141253	6880.86744302	21857.32643191
642	253.67657028	28254.37895066	6837.91856506	21819.65100901
643	236.86806307	27427.96144205	6118.69285501	22724.17814842
644	479.00626370	27240.38745845	6267.03795301	22711.37968182
645	558.79541960	27229.39825993	6486.07631429	22562.24434445
646	179.74283189	28029.31897686	6692.10256569	22023.45427075
647	27.59263412	27789.17586078	6325.18164527	22403.88622281
648	331.42639568	28145.73469042	6524.66990915	22103.94493691
649	227.79315418	27645.15531127	6746.60455008	22161.24077737
650	234.79420590	26574.13897877	5725.27748353	23468.83579908
651	387.86122758	26078.47496937	5356.71083667	24037.84105567
652	80.74373457	26248.78363507	4911.40964765	24246.25395306
653	43.08247314	26947.12603049	5713.86660241	23265.08545004
654	697.63058341	26168.09137661	5901.61587812	23604.63552022
655	358.57849228	26324.29644807	5435.06325041	23825.33431126
656	134.16876795	27355.72393208	5721.43758725	23054.49522664
657	389.85163908	26998.07265138	5221.12820619	23602.74760269
658	744.94986823	26540.31464914	6254.82789300	23125.63739136
659	549.60041975	26916.14223210	6200.74837286	22936.38557499
660	70.47993048	26758.77589764	4503.26414411	24267.88346827
661	686.17281683	25279.79781878	4348.57518177	25324.00772692
662	245.81059983	26125.68637513	4426.35405024	24677.75747738
663	180.95158467	27333.17635654	4964.80811799	23649.62181437
664	251.23477439	28822.10548131	3403.79280660	24622.13112741
665	725.25362389	28002.04793530	3087.79665977	25100.88426335
666	617.05634302	26710.01410231	3477.92278489	25103.11442441
667	450.75455381	29072.88299152	3980.78429807	24088.11865457
668	185.28044050	27779.67832821	4272.79879537	24087.79979010
669	169.37729607	28164.45477717	4412.59472450	23875.21402360
670	401.60427991	28262.92435921	5235.31050771	23131.70582578
671	955.43909361	28978.74550251	4909.52955140	23258.47199662
672	767.60063740	28647.78201214	5029.71929258	23221.01545169
673	148.28407473	28230.02035110	4277.57267409	23980.66927329
674	1185.90902783	29581.00506796	4793.65028077	23253.91191563
675	273.96934006	28207.77469096	4619.12711464	23682.90111391
676	287.08484587	27578.77192811	4464.30695274	23973.87810635
677	524.85373138	28398.94322341	4908.06688984	23384.53310391
678	345.70860720	28172.90730177	4925.32758438	23422.84356149
679	87.00806203	27986.93659530	4597.29500947	23753.99408223
680	142.12058034	27913.58466336	4953.24068387	23463.57336722
681	820.43129795	28963.16582584	5333.10799218	22883.27377733
682	684.22713604	28618.55909788	4848.14802270	23388.45367148
683	634.60454254	28707.55743587	4638.29780075	23557.11662980
684	620.45484306	28958.32882914	4432.60001466	23694.00914793
685	209.57732261	27345.02271679	4529.45389727	23996.06376320
686	370.15073179	28448.12307848	4441.85606686	23787.19471560
687	13.51742827	28563.36703756	5937.31482682	22452.34737457
688	124.75203771	28023.65221219	6135.13016683	22455.41531341
689	363.91105546	28563.69377654	5574.09105212	22764.23388854
690	42.90027364	29081.32720099	6607.76342060	21746.91214833
691	157.76354173	28359.05197703	6202.68977585	22286.23339596
692	426.98863430	28844.80156862	5674.57835991	22609.36209489
693	350.29190015	28574.01926191	6432.31012596	22032.11286136
694	184.45168591	28664.78198408	6436.66788755	20987.75439660
695	653.58443022	28634.58440127	6801.50094725	21710.95924713
696	131.72099883	28930.89262970	6207.89181703	20722.36857269
697	323.42333969	28981.87809743	6621.33012031	21031.45182603
698	126.30297188	29006.23807369	6394.05555942	20843.93222357
699	11.19676563	29326.03059060	5889.97217943	20339.37392553
700	591.43930681	28440.10663156	6620.43670603	21921.02115634
701	165.61206577	28452.48444144	6679.94180718	21246.45546697
702	532.92312250	29002.10494895	6819.77512944	21181.45374239
703	174.23477466	28532.95977070	6935.13739994	21427.92168493
704	304.49197166	28487.50712319	7021.22747416	21588.00123851
705	1141.57099017	27394.48134507	6962.30493180	21735.57789125
706	756.60101275	28776.42839340	5749.86225910	20406.33984699
707	795.72120745	28233.57713345	6329.39236429	21020.24851462
708	686.54476489	27441.10189795	7100.83640576	22021.49480070
709	446.14913683	28814.71855785	6023.97195816	20613.47642200
710	1604.24482723	27602.76320038	6316.00991747	21173.46335994
711	347.80385785	28156.57896300	6823.65223070	21445.84265916
712	1037.61721340	28139.17136960	6222.28660160	20953.68859118
713	182.62213662	29288.26549982	5701.43047596	20207.01664402
714	1501.42500655	28157.69750420	5821.82388946	20613.41838490
715	592.44757090	28265.26152484	6478.16209853	21134.34519995
716	460.48114171	27865.46854947	7038.74455617	21697.62238090
717	517.48662741	27648.60126168	7104.22552977	21907.07447520
718	867.78410711	27702.70119814	6851.69317538	21578.07820148
719	1014.22406892	27889.43584797	6516.76966715	21255.39517955
720	112.47080074	29851.54564049	5250.18538760	19654.28916338
721	812.16140844	29135.78237962	5157.11738447	19832.31271267
722	314.02034834	29677.29855874	5790.08253946	20130.85601222
723	328.28434840	29136.21352535	7049.28608281	21315.61943704
724	225.67660275	29672.21396546	6356.78415710	20567.60135105
725	233.23274175	30282.42456577	5477.76825968	19640.35457232
726	271.60743548	31416.21120930	4316.80237142	18224.25472229
727	810.97489689	32202.77420398	2769.85321326	16698.12075778
728	491.85131414	30421.00694038	3888.14972392	18426.54191484
729	174.98780155	31404.32173508	3784.40078976	17865.65383661
730	151.52471714	29904.84647982	4803.22437657	19300.29613853
731	214.60660935	30922.33873801	4168.06259799	18389.23935912
732	237.07827714	30604.27513315	4434.31628145	18732.40971283
733	190.52330662	30375.51047523	4572.39316398	18935.90730175
734	274.41046291	30172.60313439	4982.17328772	19322.71913476
735	562.83585990	30615.47373540	4798.85899843	18987.95663150
736	263.13311973	30939.98219777	4850.89397471	18863.14464684
737	120.05738130	32950.61959019	3160.61839889	16370.70686004
738	296.04090457	31511.58408564	4999.20287440	18654.74897210
739	208.86686961	32345.52954155	3933.78637861	17363.38272921
740	597.97480556	33405.60592154	3814.70104490	16436.56404923
741	1389.75482737	33710.56547554	4607.52462805	16769.77295145
742	1903.47554048	33707.95509301	5184.24689967	17233.96896457
743	1033.16647007	32831.75799448	4640.38811974	17513.93391724
744	1569.48509239	34219.59386419	4698.25379454	16370.90653814
745	276.78180714	32976.43907942	3603.37410991	16652.47751325
746	319.62168347	30062.55287664	6592.78959465	20586.23183631
747	1446.64174775	32317.03554098	6727.93418549	19495.11136307
748	1574.96541306	32204.02323573	6034.13988643	19012.19519295
749	844.57512353	30847.64744294	6258.97730081	19958.22958549
750	745.67597862	30742.65794581	7242.78100593	20782.48883959
751	283.51964973	29496.89789601	6516.36129268	21723.63775158
752	458.58693242	30044.58054189	6824.10162196	21332.45132980
753	250.20371424	30733.28540160	6840.17259001	21186.34427666
754	1105.90309846	29805.90638669	5328.28948387	22724.99941447
755	390.99641095	30933.93069560	6320.85975366	21633.15083711
756	405.66661949	30058.18435100	6040.93641347	22031.09648799
757	1550.34906262	30823.44841767	5227.84974870	22674.55080215
758	571.30012540	30496.88226080	6013.73856285	21982.33118180
759	423.28218488	29463.95343462	5861.45343017	22307.75324042
760	307.14713339	33310.12740286	7036.95786347	20707.18647451
761	374.69009430	31694.75002278	7251.49162857	20649.29018414
762	977.12649749	31739.42205734	7082.23781766	20127.47909108
763	834.57580265	32594.08308329	6294.80116779	21425.18284224
764	420.42600001	31501.99265597	6451.08072275	21409.32633207
765	307.73116996	32743.53845550	7373.13515123	20355.98694679
766	717.58888632	33731.61805246	7992.54817818	19636.43997398
767	2613.58936622	33915.11211051	6213.09417685	17923.21504603
768	2558.16308529	35268.04264143	6848.35169622	17308.15848994
769	2046.43832014	35552.32026851	5570.38821987	15066.87866479
770	2159.07807429	34899.06331338	5244.87877034	16161.91779055
771	2587.49265407	36030.39893539	5961.37012346	15591.91934309
772	2312.92839257	35364.01899871	5456.63062695	15856.33430582
773	1716.22949121	35161.35564029	4876.83836363	15531.14808155
774	1617.42746609	35074.70695654	5314.38743284	14584.71400963
775	1131.04473043	34542.42349302	5004.19518752	14113.75956965
776	1042.59102857	34714.71221217	4206.12336817	15242.30160608
777	567.68209790	32725.22399067	4502.86564606	12389.07699605
778	60.70834393	33801.37103488	3234.50266977	14876.36727666
779	466.77560100	32980.53526018	3759.07319610	13269.58174557
780	448.29729340	33795.84931086	4721.66730395	13390.93285809
781	2163.01185767	35788.55122316	6617.29512362	14395.70861074
782	330.09224757	34059.71792226	5968.66057891	12674.80789112
783	1111.29457516	34929.45048936	6608.31577365	13233.01716975
784	343.04596012	33858.78417090	5546.67954240	12776.76497130
785	349.92916980	34205.06080678	6552.77705360	12392.02474508
786	1134.50688862	35077.93847162	8366.98799346	12118.57167302
787	1409.39403206	35278.72345343	7565.88481702	12934.69165633
788	419.48517750	34302.40388093	7262.75514904	11979.03337816
789	342.41578138	34310.24044100	8360.92243918	11230.48652082
790	358.52477686	33372.63791862	5795.62950854	12040.31855009
791	772.03678715	31726.53858388	7030.87962173	9585.36298172
792	1198.69696294	32128.08727325	5882.85940739	10775.11314310
793	1178.68765672	31256.36716694	8421.15240707	8203.68966317
794	716.97448944	33184.41148824	7139.37582580	10855.15196471
795	1080.31998618	32414.68314696	5259.91125988	11502.53731000
796	385.89703422	33796.75524329	11442.84161377	8926.90459410
797	359.69349617	33970.39507756	9704.54162147	10023.43508957
798	2784.60209445	31423.51096613	11357.46125954	6529.61533062
799	905.78790686	32841.39227675	8616.29370426	9511.53221694
800	2584.58048676	30146.25736757	12569.25701280	4746.14133956
801	3925.25798236	30693.61443975	14388.72691387	4866.60194920
802	1301.35608904	32299.39801692	9746.34592486	8276.74465111
803	2939.52017485	27893.57407508	16797.24242790	2646.39021853
804	3923.55006615	29388.51433888	16436.11760407	3860.48268471
805	1142.33828952	28806.47581416	11979.07448279	3890.57312790
806	3925.72242809	26980.22078945	18510.68315586	2584.87417765
807	2534.96949011	26186.69987003	17289.64750813	1348.09659657
808	4733.30770988	24670.46928135	17818.31620575	851.70424331
809	5190.57112314	28164.31045736	19440.25965343	3996.92309733
810	5033.81365836	26757.36210065	19592.99555157	2853.51131292
811	494.57606244	30480.21302553	4569.96738674	10665.05580800
812	501.50179273	26841.84345244	12247.92359000	2631.93749913
813	96.04703352	29682.63445988	6610.91567690	8591.15730952
814	1447.21697087	24003.75000536	10596.55543183	5041.08869613
815	5.07704061	31285.18104237	3652.71347975	11868.11685275
816	1390.44821290	29367.71686644	3423.29645740	11407.59355133
817	511.95546807	31563.37494142	2569.83788108	12933.46615272
818	1100.73185681	32560.03407715	1774.07448216	14655.24401429
819	270.61321582	30556.94838139	349.37308283	14513.95655408
820	412.28509283	31244.40934087	521.55575985	14484.25515691
821	436.94564931	30004.71129379	1567.74435060	13313.08778393
822	4136.89175826	26272.01770267	4101.85905880	11232.36877866
823	5330.67042547	25469.62746190	2289.44564190	13493.21455302
824	6313.86860660	24324.18171143	3073.09819112	13007.72599091
825	9263.13660008	21485.01364427	275.13613074	17055.03995610
826	2192.77517469	28627.01152073	866.10226086	14712.13037789
827	3078.47145317	27611.32302221	2170.86096025	13427.74176103
828	4266.92164201	26482.39287406	682.76095908	14654.95240029
829	7073.29338459	23880.11762184	562.23505344	17444.46301610
830	3584.78070428	27303.07848104	576.02042896	15749.54176337
831	4546.19234486	26417.62747685	403.21350469	16425.97487414
832	739.52023707	30101.39676763	280.16586490	14727.64662396
833	5018.29856551	25443.81047248	3289.33746140	12207.22867384
834	5700.76513948	22295.10653813	6550.18571060	10186.53348932
835	2410.57335909	28018.05520079	3366.73433541	11998.80646176
836	1699.76771337	29184.55614721	81.09835517	15244.83948129
837	8913.49882105	22155.02617995	2285.12939586	14470.98066118
838	3264.77711086	27850.98537808	278.43396288	16361.21408949
839	3575.75499510	27781.00989250	696.99092541	16886.79885304
840	762.61512644	31185.11732154	1240.34670819	16052.46955602
841	1130.68276627	30132.03590426	3201.40359174	18013.60555189
842	2644.29219365	29034.43306728	3069.02228788	18449.82270946
843	4547.80565318	27319.27500185	1425.66775977	17945.74731999
844	14446.92307448	16741.58439910	2069.70191023	18715.59125715
845	15783.85182183	12463.44397786	1708.73679771	18182.28697149
846	11632.39593433	15456.96562530	1837.87650152	14170.23872477
847	21144.39993240	4804.89770199	967.18544835	20599.44365299
848	13391.75603611	12123.10255182	5116.60201244	12844.42942533
849	25460.33344107	6613.17896454	6444.29248304	11053.80395996
850	8473.36260854	18688.13809370	4951.40415760	11564.24678146
851	12881.42096467	16900.38464078	4680.78570868	21559.51919787
852	16714.45698895	14143.85497285	4656.12357767	21311.68554216
853	19468.88870310	10582.81887498	5592.21847631	22069.22776626
854	23102.50334526	5761.63808737	4624.13660031	24780.76900631
855	23341.60121805	16068.95191016	15694.21075360	4719.23124363
856	28329.19634968	16811.46108845	15845.55990613	6427.53444041
857	34558.55643536	19186.19479350	15444.33606597	5080.44585007
858	31570.45692328	22547.22558191	20974.16735529	703.82322247
859	31839.33725660	16927.80144684	14183.51908858	7047.25147041
860	29814.87298809	19167.42823430	17815.34422500	4082.67150798
861	42896.84907690	25270.62638383	15792.36175992	16.17113571
862	16646.16113827	15238.13896780	14108.76967908	4917.75335567
863	13414.09969251	8448.24816374	35562.89766061	52460.49834787
864	189.76140232	27953.17342090	5558.96018230	22943.87482743
865	701.33787502	27702.08156802	7000.23917833	21703.57279853
866	1156.48357605	27609.65538631	6709.67943603	21475.59088918
867	34637.51428497	17575.40848168	13327.23046833	7050.26868947
868	2409.81899464	26817.13661397	6312.50925973	21552.71866463
869	16233.96889342	12634.28896080	6280.84763703	22942.75171173
870	24571.21313219	18728.93370645	46338.14084023	63376.87494047
871	29818.97705124	24689.87405385	51986.88745690	68913.64488596
872	1895.96665755	29370.22824298	739.12848317	16067.54689337
873	37018.17512341	23698.38200011	19825.90194730	604.94315811
874	8831.90875644	17880.66749834	12527.32769249	5455.10680645
875	39532.60619151	1321.50147008	13253.59022461	18106.20114896
